 998.8  998.9  999.5  999.2  998.2  998.3  998.9  999.4  1000.1  1001  1002.3  1001.6 
 1001.2  1000.2  999.7  999.9  999.7  1000  1000.2  1000.4  1000.5  1001.4  1000.8  1001.2 
 1000.7  1000.4  1000.9  1000.3  999.9  999.9  1000.3  1001  1001.2  1001.5  1001.9  1001.2 
 999.8  998.8  997.8  997.7  997.3  997.8  997.5  998.6  997.8  998  997.7  997.2 
 997.3  996.8  996.8  996.6  996  996  996.4  996.5  997.4  997.1  997.2  996.9 
 996.4  995.1  994.1  993.9  994.2  994.1  994.8  994.6  994.8  995.3  995.1  995.3 
 995.3  995  994.9  994.4  993.9  993.8  994.2  994.5  994.7  995.4  995.8  994.5 
 993.2  991.8  991.2  991.3  991.4  991.2  991.4  991.9  992.2  992.5  992.9  992.8 
 992.4  991.5  991.2  991.1  990.9  991.1  991.8  992.1  992.4  993.1  993.1  992.2 
 991.6  990.2  989.5  989.5  989.7  989.6  989.7  989.8  990  990  989.9  990.2 
 989.8  989  988.9  988.5  988.2  987.3  987.2  987  987.5  987.4  987.2  987.1 
 986.4  985.4  985.2  984.6  985.2  985.2  986  986.4  986.6  987  987  987.6 
 987.9  988.4  988.2  988.5  988  987.6  987.9  988.5  989.8  990.3  991.2  990.5 
 989.6  988.7  988.2  988  987.7  987.6  987.5  987.7  988.2  988.7  988.8  988.3 
 987.8  987.6  987.8  988  987.6  987.3  987.6  987.5  987.9  987.9  987.7  986.5 
 985.6  984.9  984.1  983.7  983.1  984  985.1  985.2  985.2  985.2  985.6  985.5 
 985.5  984.3  984.6  984  982.8  983.8  983.5  985  985.9  986.9  987.7  987 
 986.1  985.4  984.9  984.9  985.9  985.8  986  986.9  987.6  987.2  986.8  986.7 
 987.1  986.7  987  986.6  986.1  986  986.1  986  986.5  986.8  986.5  986 
 984.9  983.7  983.5  982.7  982.4  982.5  982.9  983.3  983.5  983.1  983.1  982.9 
 981.9  982  981.7  981.7  981.4  981.3  981.8  982  982.7  983.7  983.7  983.4 
 983.4  982.1  981.9  982.6  982.8  983  985.4  985.5  986.5  987  988.1  988.7 
 989.7  990.6  991.9  991.8  992.5  992.9  993.8  995.6  996.2  997.2  997.4  997.8 
 997.7  996.7  996.7  997.5  998.1  998.5  999.8  1000.5  1001  1002  1002.4  1002.2 
 1002.5  1002.5  1002.4  1002.7  1002.9  1002.7  1003.5  1004  1004.3  1004.9  1004.7  1004.2 
 1002.9  1002.4  1001.8  1002  1002.4  1002.9  1003.5  1003.8  1004.1  1003.8  1004.6  1005 
 1005  1004.6  1004.5  1004.2  1003.7  1004.2  1004.2  1004.8  1005.1  1005.2  1005.5  1004.1 
 1003.2  1002.6  1002.2  1001.6  1001.9  1001.6  1003  1003.6  1003.1  1003.2  1003.6  1003.5 
 1002.8  1002.8  1003.8  1003.6  1002.6  1003  1003.2  1003.7  1004.4  1004.9  1005  1004.8 
 1004.4  1004.7  1003.6  1003.5  1004.3  1004.6  1005.2  1005.7  1006.2  1006.9  1007.8  1007.6 
 1007.8  1007.8  1007.6  1008  1007.8  1007.6  1008.3  1008.1  1008.5  1008.9  1009.3  1009.1 
 1008.7  1008.3  1007.8  1007.2  1006.8  1007.7  1008.3  1009  1009.8  1009.3  1009.1  1009 
 1008.7  1007.7  1007.4  1007.1  1006.3  1006.2  1005.8  1005.5  1005.4  1006.2  1006.3  1005.4 
 1003.9  1002.3  1002  1001.6  1002  1002.5  1002.7  1003.2  1003  1003.2  1003.9  1003.4 
 1003.4  1002.9  1002.7  1002.3  1003.2  1003.5  1003.6  1004.3  1003.8  1004.9  1004.9  1003.4 
 1001.9  1000.7  1000.3  1000.1  1000  1000.4  1001  1001.2  1001.7  1001.5  1001.3  1000.7 
 1000.4  999.7  999.5  998.8  998.3  997.7  997.9  998  998.1  998.5  998.3  997.5 
 996.6  995.3  994.9  993.8  993.7  993.9  993.8  994  994.1  993.9  994  993.9 
 993.5  993.2  993.2  992.4  991.9  992.4  993.1  993  993.8  994.1  994.7  994.7 
 994.2  993.2  993.2  993  994  994.3  994.3  994.7  995.2  995.7  996.2  996.8 
 996.5  996.5  996.8  997.1  996.4  996.4  996.7  996.8  997  997.7  998.3  997.7 
 996.7  996.3  995.3  995.1  995.1  995.3  995.9  996.3  996.4  997.2  997.4  997.8 
 997.7  997.6  997.2  997.2  996.5  996.4  996.9  997.4  997.4  997.8  998.9  999.1 
 998.5  997.2  996.6  996.3  996.5  997.2  998.4  998.4  998.9  999.3  999.3  1000 
 999.5  999.7  999.7  999.1  999.5  1000.2  999.9  1000.1  1000.9  1001.3  1001.9  1001.9 
 1000.8  1000.7  1000.5  1001.2  1001.8  1002.6  1003.4  1003.6  1004.7  1004.6  1005.3  1005.7 
 1005.4  1005.7  1005.8  1005.3  1005.6  1005.9  1006.1  1006.8  1007.2  1007.2  1007.5  1007.3 
 1006.4  1005.8  1005.2  1004.6  1004.1  1004.6  1005.2  1004.9  1004.4  1004.7  1005.1  1005 
 1004.9  1004.6  1004.7  1003.7  1003.1  1003.2  1003  1003.2  1003.3  1004.2  1004.5  1003.8 
 1002.7  1001.7  1000.9  1001.6  1001.7  1001.8  1002.3  1002.4  1002.1  1002.5  1002.7  1002.9 
 1003.1  1002.4  1002.7  1002.2  1001.5  1002.5  1002.6  1002.8  1003.5  1004.2  1004.5  1004.1 
 1003.4  1002.5  1002.4  1002.4  1002.3  1003.4  1003.2  1003.6  1003.1  1002.8  1003.5  1003.2 
 1003.7  1003.8  1003.4  1003.5  1002.8  1001.8  1001.2  1001.9  1001.9  1001.8  1001.8  1001.5 
 1000.5  999.1  998.8  997.3  997.3  997.6  997.3  997.3  996.9  996.8  996.5  996 
 996  995  994.8  994.1  993.7  992.9  993.4  993.6  992.7  993.6  994.8  994.3 
 992.8  991.7  992  991.6  991.4  992  992  991.8  991.8  992.2  992.6  992.4 
 992.1  991.8  991.8  992.2  991.5  991.2  991.9  992.8  993.2  994.4  995  994.4 
 993.9  993.8  993.3  993.5  993.5  993.9  994.5  994.4  995.6  995.6  995.4  996.1 
 996.3  997  997.9  997.7  997.6  997.6  997.7  998  998.8  999.9  999.8  1000.2 
 1000  999.2  999  999.1  999.3  999.3  999.8  1000.3  1000.8  1001  1001.1  1001.2 
 1001.3  1001.3  1000.9  1000.6  1001  1001.1  1001.5  1001.8  1002.7  1003.3  1003.1  1002.8 
 1002.2  1001  1000.7  1000.3  1000.1  1000.2  1000.7  1001  1001.4  1001  1001.1  1001.5 
